> M0007_1.02
=	0.193256166989386	0.294128456523198	0.315455175957076	0.19716020053034
=	0.197302290032636	0.470942977434902	0.174991433244587	0.156763299287876
=	0.0179780513925291	0.00028341348993657	0.981568346569837	0.000170188547697322
=	0.0609138140456216	0.828370054420269	0.0864408167680766	0.024275314766033
=	0.0977576692954277	0.680271275873928	0.0761337494017287	0.145837305428915
=	0.179404994209844	7.57471687865919e-05	0.820280034450025	0.00023922417134443
=	0.138180576938342	0.419289393502228	0.212419131491284	0.230110898068146
=	0.223853107035285	0.403828411802235	0.192672154777683	0.179646326384797
=	0.351359490482045	0.208890436834257	0.230859635849441	0.208890436834257

> M0015_1.02
=	0.205689924493205	0.280442808763306	0.274889669089141	0.238977597654347
=	0.219631343095586	0.420712804984574	0.181626145278971	0.178029706640869
=	0.608066773692225	7.42947271062653e-05	0.391617148737412	0.000241782843257178
=	0.0205990864160418	0.948846205015112	0.0267155749296198	0.00383913363922629
=	0.0322894205983321	0.911179250594626	0.0193896543133781	0.0371416744936642
=	0.0648466587263899	0.000159139418881284	0.85579031403152	0.0792038878232088
=	0.352874110546702	0.312971260238602	0.12225528593584	0.211899343278855
=	0.215542593260496	0.381136865806431	0.150378964586948	0.252941576346124
=	0.319425317617637	0.236636095450179	0.16345267500563	0.280485911926554

> M0018_1.02
=	0.188766178084544	0.23996884348967	0.391705035479709	0.179559942946076
=	0.100216874578151	0.435866752534571	0.346310781116173	0.117605591771105
=	0.222731161177737	0.60544606795878	0.117444453900025	0.0543783169634581
=	0.0145354246830642	0.000604465158234304	0.912865680420584	0.0719944297381174
=	0.00019110113885285	0.997295913923854	0.00200380431512119	0.00050918062217203
=	0.0424045805486231	0.95075498277637	0.0036592433410561	0.00318119333395058
=	0.0360940064606281	0.0275534244017617	0.903365131031359	0.0329874381062506
=	0.170746325015835	0.518105544533724	0.100502135467632	0.210645994982809
=	0.235827226389515	0.660567586616616	0.0367118446559763	0.0668933423378924
=	0.477760362483492	0.132835201477163	0.239633164597966	0.149771271441378

> M0024_1.02
=	0.214652287493303	0.317037305969704	0.270161371159963	0.198149035377029
=	0.248333688653698	0.355943980551975	0.222465795244215	0.173256535550112
=	0.0955790716309179	0.0627999250604244	0.804285157445969	0.0373358458626892
=	0.0256397416228759	0.745565920111419	0.166358243197813	0.0624360950678923
=	0.15075169485887	0.769417763954955	0.0100305363873763	0.0698000047987995
=	0.19211822856148	0.0387880014003446	0.756052604207059	0.0130411658311163
=	0.189787713106462	0.448498863696367	0.170018311863791	0.19169511133338
=	0.124989966942595	0.677380713987058	0.0993087287155297	0.0983205903548174

> M0026_1.02
=	0.250204651364122	0.235633866794929	0.273767495181889	0.240393986659061
=	0.165396292367678	0.241856449463293	0.120102358444839	0.47264489972419
=	0.0431998059002806	0.0109773713331311	0.912178780101497	0.0336440426650916
=	0.114622783868254	0.0857680531872467	0.140000584359954	0.659608578584546
=	0.00373107485219175	0.989002001447126	0.00247612875910583	0.0047907949415764
=	0.00615769671947404	0.00166147007641585	0.980147232467118	0.0120336007369921
=	0.019148368907209	0.00843354780006115	0.965086309058944	0.00733177423378598
=	0.0201203166657947	0.416434873591039	0.0393198737268605	0.524124936016305
=	0.244346344143468	0.170474659681266	0.394881872007665	0.190297124167602
=	0.261387249559623	0.224978090637474	0.316082426352568	0.197552233450335

> M0034_1.02
=	0.000766871165644172	0.0774539877300614	0.000766871165644172	0.92101226993865
=	0.000623441396508728	0.000623441396508728	0.998129675810474	0.000623441396508728
=	0.000623441396508728	0.000623441396508728	0.000623441396508728	0.998129675810474
=	0.000623441396508728	0.998129675810474	0.000623441396508728	0.000623441396508728
=	0.000623441396508728	0.000623441396508728	0.998129675810474	0.000623441396508728
=	0.000623441396508728	0.000623441396508728	0.998129675810474	0.000623441396508728
=	0.000623441396508728	0.25	0.000623441396508728	0.748753117206983
=	0.200199203187251	0.100597609561753	0.598605577689243	0.100597609561753

> M0035_1.02
=	0.125153706267859	0.281334015843198	0.198252730209156	0.395259547679787
=	0.0888960533142961	0.104320484949775	0.670127334974701	0.136656126761227
=	0.110173125307554	0.35144491848344	0.358544576781189	0.179837379427816
=	0.011647639569548	0.675263879277592	0.00354345963395334	0.309545021518907
=	0.139117240770327	0.0565608492526394	0.695977293921795	0.108344616055238
=	0.121929624155244	0.193145545609473	0.479835831106779	0.205088999128504
=	0.159206254813577	0.478282021421859	0.134316715772149	0.228195007992415
=	0.168318450819261	0.319212723578459	0.211845603864208	0.300623221738071
=	0.225199051834877	0.261643969845074	0.248883442861913	0.264273535458136

> M0037_1.02
=	0.193275829375215	0.300100775412363	0.279812108346778	0.226811286865645
=	0.289446501432731	0.467767081731808	0.16699610413242	0.0757903127030404
=	0.0339655381821385	0.0132678846589821	0.939498692499897	0.0132678846589821
=	0.032072797988561	0.905066349725687	0.035802161052223	0.027058691233529
=	0.0970553117996941	0.850037988092885	0.0205997932839999	0.0323069068234205
=	0.0426486450836321	0.0104123802352429	0.927966380899597	0.0189725937815283
=	0.129323458451234	0.591295974901875	0.130623180816351	0.148757385830539
=	0.0346507596793668	0.902636250787217	0.0244179776471985	0.0382950118862178
=	0.383810260441554	0.175940930610207	0.239882283385185	0.200366525563053
=	0.232501882006753	0.254397580200986	0.223385352816637	0.289715184975624

> M0040_1.02
=	0.00124378109452736	0.125621890547264	0.25	0.623134328358209
=	0.000766871165644172	0.000766871165644172	0.997699386503068	0.000766871165644172
=	0.000712250712250712	0.997863247863248	0.000712250712250712	0.000712250712250712
=	0.000712250712250712	0.926638176638177	0.0719373219373219	0.000712250712250712
=	0.000712250712250712	0.000712250712250712	0.997863247863248	0.000712250712250712
=	0.000712250712250712	0.143162393162393	0.855413105413105	0.000712250712250712
=	0.000712250712250712	0.997863247863248	0.000712250712250712	0.000712250712250712
=	0.100597609561753	0.100597609561753	0.698207171314741	0.100597609561753

> M0031_1.02
=	0.224884907437378	0.220840797291663	0.245692488416863	0.308581687590048
=	0.511251887158528	0.138173441259952	0.167551597191003	0.183022858114264
=	0.128736703611067	0.210702093524672	0.138685335432972	0.521875725733431
=	0.0319034940773676	0.00302142365371502	0.958030595665103	0.00704445954235937
=	0.0274159231322822	0.0110672552790471	0.00201520243483041	0.959501366329946
=	0.0106552745180026	0.959277702261305	2.53794196883458e-11	0.0300674156113042
=	0.0679176326694221	0.00370794991280682	0.888377972845839	0.0399967721915577
=	0.0901848335853502	9.28563796373255e-05	0.893602343382785	0.0161199555416286
=	0.0156652271711801	0.533364624057945	0.014506345550166	0.436463929173117
=	0.371159703339472	0.207896931982291	0.266626223843347	0.15431697118154

> M0032_1.02
=	0.589935579568018	0.11792081548995	0.126471039351645	0.165672565590387
=	0.139387838838161	0.158738827155691	0.136627774704723	0.565245559301425
=	0.00184930781945179	0.000474644781875794	0.997060466300606	0.000615581098066602
=	0.010491784703616	0.0137438649858572	0.00256149876428975	0.973202851546237
=	0.00479858482529581	0.990610129259627	0.00392874896785571	0.000662536947221749
=	6.40232063444782e-05	2.72326277399138e-07	0.993754641010818	0.00618106345656055
=	0.0481684358281272	0.000420926918346614	0.948331332171931	0.00307930508159475
=	0.0161677498412572	0.504222937682066	0.0187842453929616	0.460825067083715
=	0.34082296389885	0.240173883376346	0.2790422419086	0.139960910816204
=	0.321543955866662	0.205025478259994	0.321543955866662	0.151886610006681

> M0022_1.02
=	0.168575920934411	0.516734052111411	0.224730458221024	0.0899595687331536
=	0.0648014959723821	0.726481588032221	0.115146720368239	0.0935701956271577
=	0.0238633658652702	0.0179124018090931	0.952213758628898	0.00601047369673887
=	0.011961437752916	0.898655082123304	0.0833730064270412	0.00601047369673887
=	0.011961437752916	0.976017614853606	0.011961437752916	5.9509640561771e-05
=	0.00601047369673887	0.00601047369673887	0.987919542965961	5.9509640561771e-05
=	0.0562984253936516	0.662396900774806	0.13127968007998	0.150024993751562
=	0.123115964318671	0.799830821285758	0.0385266071977853	0.0385266071977853

> M0023_1.02
=	0.26252644963372	0.441576747022422	0.139819434637245	0.156077368706614
=	0.0769440405920383	0.0144844898639247	0.873998283485152	0.0345731860588848
=	0.0482325003227134	0.867862310739902	0.0835991267358684	0.000306062201515716
=	0.128539272907789	0.769879864911925	0.0364606823314052	0.0651201798488816
=	0.0903979315017469	0.0248839093996005	0.874997811433086	0.00972034766556653
=	0.145906067265025	0.456214475325174	0.132021269182095	0.265858188227706
=	0.211815820407552	0.593310057689149	0.0664013326030868	0.128472789300213
=	0.418633277831722	0.173641929931651	0.20997643389954	0.197748358337088
=	0.275863494034968	0.208493143662656	0.198324813060247	0.317318549242129
=	0.279059484694934	0.208810045594693	0.200622486597652	0.311507983112721

> M0012_1.02
=	0.202071060421004	0.57170288215076	0.0973798606659472	0.128846196762288
=	0.0382981086702478	0.000181845203122499	0.958529665995676	0.0029903801309539
=	0.00931364544176394	0.908214492410452	0.0635279887353729	0.0189438734124116
=	0.113719722838923	0.807333505925258	0.0313037171654394	0.0476430540703787
=	0.0747575173629443	0.0532101822654095	0.840712522649932	0.0313197777217143
=	0.153634558671648	0.452404543174866	0.150592390584526	0.24336850756896
=	0.19744223615268	0.605131667265657	0.0582909043492158	0.139135192232447
=	0.44869236054871	0.175271725570871	0.184258099103051	0.191777814777369
=	0.272738280745743	0.206131158269966	0.184659327929877	0.336471233054413
=	0.290029194708262	0.206434173539932	0.1924779476283	0.311058684123506

> M0020_1.02
=	0.217419635099913	0.478062554300608	0.282580364900087	0.0219374456993918
=	0.000161186331399097	0.0485170857511283	0.951160541586073	0.000161186331399097
=	0.0162798194713088	0.951160541586073	0.0323984526112186	0.000161186331399097
=	0.000161186331399097	0.983397807865893	0.0162798194713088	0.000161186331399097
=	0.000161186331399097	0.0162798194713088	0.983397807865893	0.000161186331399097
=	0.0968729851708575	0.644906511927788	0.145228884590587	0.112991618310767
=	0.000169376693766938	0.999491869918699	0.000169376693766938	0.000169376693766938
=	0.461321721311475	0.102715163934426	0.282018442622951	0.153944672131148

> M0027_1.02
=	0.290625947681687	0.352131468786373	0.178621291207815	0.178621291207815
=	0.0781361827969125	0.220662650339664	0.166106757178216	0.535094408568898
=	9.41918950944927e-05	9.41918950944927e-05	0.999717423198411	9.41918950944927e-05
=	9.41918950944927e-05	0.999717423198411	9.41918950944927e-05	9.41918950944927e-05
=	9.41918950944927e-05	0.999717423198411	9.41918950944927e-05	9.41918950944927e-05
=	9.41918950944927e-05	9.41918950944927e-05	0.999717423198411	9.41918950944927e-05
=	9.41918950944927e-05	0.0880647662763975	0.911746848817104	9.41918950944927e-05
=	9.41918950944927e-05	0.999717423198411	9.41918950944927e-05	9.41918950944927e-05
=	0.158670565089279	0.156081106709472	0.530319104499017	0.15492922258592
=	0.171958008819104	0.277698342174653	0.256566215120374	0.293777432769558

> M0029_1.02
=	0.0438368055555556	0.477864583333333	0.34765625	0.130642361111111
=	0.108261339092873	0.783207343412527	0.0812634989200864	0.027267818574514
=	0.000227066303360581	0.000227066303360581	0.999318801089918	0.000227066303360581
=	0.000227066303360581	0.97661217075386	0.0229336966394187	0.000227066303360581
=	0.000227066303360581	0.999318801089918	0.000227066303360581	0.000227066303360581
=	0.000227066303360581	0.000227066303360581	0.999318801089918	0.000227066303360581
=	0.0229336966394187	0.931198910081744	0.000227066303360581	0.0456403269754768
=	0.11780258519389	0.734723854289072	0.059048178613396	0.0884253819036428

> M0041_1.02
=	0.188091672299649	0.313227405696275	0.300945583448094	0.197735338555982
=	0.224790885664638	0.480665005339425	0.156831279254293	0.137712829741644
=	0.0546632045354002	5.56424325544905e-05	0.945005554259505	0.000275598772540144
=	0.0218700119423741	0.884583028838797	0.0477088244921192	0.0458381347267095
=	0.0925585145291671	0.771117709922561	0.0620438277243727	0.0742799478238994
=	0.173466936315345	0.0971238543055792	0.617690184529983	0.111719024849093
=	0.195604070526282	0.422459070570696	0.140624408665073	0.241312450237948
=	0.219415300035718	0.464502193761859	0.125332008139362	0.190750498063061
=	0.342200049292762	0.236369322007075	0.213875807031404	0.20755482166876

> M0033_1.02
=	0.0699349442379182	0.325511152416357	0.534618959107807	0.0699349442379182
=	0.107779827798278	0.768911439114391	0.0616543665436654	0.0616543665436654
=	0.000126518218623482	0.000126518218623482	0.99962044534413	0.000126518218623482
=	0.000126518218623482	0.974316801619433	0.0254301619433198	0.000126518218623482
=	0.000126518218623482	0.99962044534413	0.000126518218623482	0.000126518218623482
=	0.000126518218623482	0.0127783400809717	0.986968623481781	0.000126518218623482
=	0.0676661264181523	0.756482982171799	0.0676661264181523	0.108184764991896
=	0.0968729851708575	0.789974210186976	0.064635718891038	0.0485170857511283

> M0025_1.02
=	0.176000769806402	0.377859757908354	0.270138703220726	0.176000769806402
=	0.303124852267135	0.503084809554337	0.0968951694602067	0.0968951694602067
=	0.000148883478132441	0.000148883478132441	0.999553350307489	0.000148883478132441
=	0.000148883478132441	0.999553350307489	0.000148883478132441	0.000148883478132441
=	0.000148883478132441	0.999553350307489	0.000148883478132441	0.000148883478132441
=	0.000148883478132441	0.000148883478132441	0.999553350307489	0.000148883478132441
=	0.000148883478132441	0.999553350307489	0.000148883478132441	0.000148883478132441
=	0.000148883478132441	0.999553350307489	0.000148883478132441	0.000148883478132441
=	0.359357948452329	0.0741481138572011	0.492345824575155	0.0741481138572011
=	0.153253714203397	0.255522680931698	0.240734459332771	0.350489146274018

> M2360_1.02
=	0.42	0.54	0.03	0.01
=	0.0099009900990099	0.0099009900990099	0.97029702970297	0.0099009900990099
=	0.0	0.98	0.01	0.01
=	0.04	0.96	0.0	0.0
=	0.02	0.0	0.97	0.01
=	0.02	0.92	0.02	0.04
=	0.0099009900990099	0.97029702970297	0.0099009900990099	0.0099009900990099
=	0.585858585858589	0.050505050505051	0.24242424242424	0.12121212121212

> M0009_1.02
=	0.205687765427099	0.313048871418944	0.316195064881681	0.165068298272276
=	0.213317387913388	0.494121352865682	0.123073426518921	0.169487832702009
=	0.108658579394584	4.92035584677116e-05	0.887324421479723	0.00396779556722512
=	0.0247123587482449	0.834892915806779	0.0549983658263778	0.0853963596185986
=	0.145090039152854	0.704405728549866	0.0512827536531657	0.0992214786441139
=	0.131472928509848	0.00986310437125806	0.827824324394252	0.0308396427246419
=	0.190198451187877	0.383012645991003	0.15417186814629	0.27261703467483
=	0.258282137450573	0.489827135088085	0.0770190307288349	0.174871696732507
=	0.423886971141283	0.162303305733847	0.18117562095031	0.23263410217456
=	0.275778429020988	0.196290901446505	0.204301685100078	0.323628984432429

> M0038_1.02
=	0.255195963405809	0.255195963405809	0.213157586311753	0.27645048687663
=	0.231180279057617	0.274019106288723	0.265920617806193	0.228879996847467
=	0.289754784111583	0.320228560768001	0.237231152611637	0.15278550250878
=	0.132148746578415	0.0801522664491717	0.723375286445266	0.0643237005271473
=	0.0943931745743965	0.690536455298518	0.140818069109337	0.0742523010177487
=	0.172828118567296	0.700852580518228	0.0421948242982982	0.0841244766161773
=	0.15951503115782	0.0238584429631859	0.774438427292742	0.0421880985862518
=	0.17769423497723	0.464083406762413	0.145483734825437	0.21273862343492
=	0.121071713854827	0.68292363575583	0.0896921316373633	0.106312518751979
=	0.342518798767467	0.222811593728122	0.220594581328287	0.214075026176124

> M0011_1.02
=	0.0801358912869704	0.759592326139089	0.0801358912869704	0.0801358912869704
=	0.0144203312392918	0.000142775556824672	0.985294117647059	0.000142775556824672
=	0.000142775556824672	0.885351227869789	0.114363221016562	0.000142775556824672
=	0.000142775556824672	0.985294117647059	0.0144203312392918	0.000142775556824672
=	0.0144203312392918	0.000142775556824672	0.985294117647059	0.000142775556824672
=	0.0572529982866933	0.642632781267847	0.185750999428898	0.114363221016562
=	0.0794733502538071	0.904346446700508	0.000158629441624365	0.0160215736040609
=	0.581087360594796	0.0234665427509294	0.279042750929368	0.116403345724907

> M0030_1.02
=	0.990131578947368	0.00328947368421053	0.00328947368421053	0.00328947368421053
=	0.00328947368421053	0.00328947368421053	0.00328947368421053	0.990131578947368
=	0.00328947368421053	0.00328947368421053	0.990131578947368	0.00328947368421053
=	0.00328947368421053	0.00328947368421053	0.00328947368421053	0.990131578947368
=	0.00328947368421053	0.990131578947368	0.00328947368421053	0.00328947368421053
=	0.00328947368421053	0.00328947368421053	0.990131578947368	0.00328947368421053
=	0.00328947368421053	0.00328947368421053	0.990131578947368	0.00328947368421053
=	0.00490196078431373	0.495098039215686	0.00490196078431373	0.495098039215686

> M0019_1.02
=	0.190014354944333	0.292100996699139	0.234416540763344	0.283468107593183
=	0.172680268901917	0.226205013594255	0.188942309532907	0.412172407970921
=	0.306697853996493	0.037934579135575	0.57585913524022	0.0795084316277126
=	3.55009202787179e-06	0.888218921131996	0.0181599432119169	0.0936175855640595
=	0.0357836314003013	0.87786301741573	0.0464088681711711	0.0399444830127978
=	0.0403589577126115	0.0361549319846181	0.895886176605311	0.0275999336974595
=	0.536441884188888	0.241038876164248	0.0763217710582271	0.146197468588637
=	0.0942543470060663	0.710519893899477	0.0981009398777193	0.0971248192167371
=	0.420878426761359	0.156388613164696	0.221926005898407	0.200806954175539

> M0014_1.02
=	0.169306365581592	0.404119201518077	0.161049196697845	0.265525236202486
=	0.486759534255965	0.0114474870268706	0.402530242899903	0.0992627358172614
=	0.0361594227822092	0.895997454465978	0.0278807802791882	0.0399623424726248
=	0.0274740353233516	0.937523091061787	0.00110875901916766	0.0338941145956934
=	0.0635547168857608	0.000411437241908737	0.9085966057753	0.0274372400970309
=	0.354760915533783	0.190841661207374	0.188942754951095	0.265454668307747
=	0.0754962701652338	0.807613217621505	0.0457908025530289	0.0710997096602323
=	0.230587807577689	0.493060425616588	0.0985566720981712	0.177795094707551
=	0.365499344793799	0.188908824133572	0.200590293427904	0.245001537644725

> M0005_1.02
=	0.346006144393241	0.461213517665131	0.192396313364055	0.000384024577572965
=	0.00024975024975025	0.00024975024975025	0.999250749250749	0.00024975024975025
=	0.000243664717348928	0.999269005847953	0.000243664717348928	0.000243664717348928
=	0.122076023391813	0.877436647173489	0.000243664717348928	0.000243664717348928
=	0.0246101364522417	0.000243664717348928	0.97490253411306	0.000243664717348928
=	0.000243664717348928	0.950536062378168	0.0489766081871345	0.000243664717348928
=	0.000243664717348928	0.999269005847953	0.000243664717348928	0.000243664717348928
=	0.241391184573003	0.103650137741047	0.482438016528926	0.172520661157025

> M0016_1.02
=	0.1807531099907	0.553981928808499	0.128654699445813	0.136610261754989
=	0.584029157000499	0.000180856914009791	0.415694621604888	9.53644806034745e-05
=	0.000969222876691743	0.933311777979717	0.0652834992323494	0.00043549991124145
=	0.00116794195791714	0.96801074601715	9.11948539060898e-05	0.0307301171710265
=	0.0934848599734863	0.00680596544010304	0.786662645280055	0.113046529306356
=	0.496771732217494	0.241804761383409	0.0804898129800027	0.180933693419094
=	0.0987224708572553	0.822470477541582	0.000368731179870787	0.0784383204212921
=	0.270589293012381	0.550376256604598	0.0524889225165412	0.126545527866479
=	0.468198346693714	0.141018632079586	0.160596020786319	0.230187000440381
=	0.268543593527983	0.245430364733755	0.189239471940618	0.296786569797643

> M0036_1.02
=	0.178677813280563	0.349178851042988	0.274673812736755	0.197469522939694
=	0.25595772341127	0.443639496507847	0.173297936227914	0.127104843852969
=	0.0748954457989047	0.0286769333929842	0.885447427018575	0.0109801937895359
=	0.0365865902330995	0.764851567572958	0.14398106328541	0.0545807789085318
=	0.103239880738101	0.801957183522846	0.0419742031897293	0.0528287325493234
=	0.112874045329131	0.0827871249877073	0.747154920315814	0.0571839093673481
=	0.181955182741574	0.413129212795714	0.119553074177698	0.285362530285015
=	0.276531740359245	0.455923762315515	0.0929745321593201	0.17456996516592
=	0.387095568805307	0.208235908078164	0.192225970654215	0.212442552462314
=	0.286170086434081	0.212000014255169	0.191825545525473	0.310004353785277

> M0008_1.02
=	0.274975024975025	0.00024975024975025	0.125124875124875	0.59965034965035
=	0.758270158511371	0.241385251550655	0.000172294968986906	0.000172294968986906
=	0.000156152404747033	0.000156152404747033	0.000156152404747033	0.999531542785759
=	0.000156152404747033	0.000156152404747033	0.999531542785759	0.000156152404747033
=	0.000156152404747033	0.000156152404747033	0.000156152404747033	0.999531542785759
=	0.000156152404747033	0.10946283572767	0.0157713928794503	0.874609618988132
=	0.00017531556802244	0.00017531556802244	0.911816269284712	0.0878330995792426
=	0.000243664717348928	0.682504873294347	0.0977095516569201	0.219541910331384

> M0013_1.02
=	0.187655860349127	0.000623441396508728	0.25	0.561720698254364
=	0.862522686025408	0.136569872958258	0.000453720508166969	0.000453720508166969
=	0.000453720508166969	0.000453720508166969	0.000453720508166969	0.998638838475499
=	0.000453720508166969	0.000453720508166969	0.998638838475499	0.000453720508166969
=	0.000453720508166969	0.000453720508166969	0.000453720508166969	0.998638838475499
=	0.000453720508166969	0.0911978221415608	0.000453720508166969	0.907894736842105
=	0.000453720508166969	0.000453720508166969	0.998638838475499	0.000453720508166969
=	0.000712250712250712	0.712962962962963	0.0719373219373219	0.214387464387464

> M0006_1.02
=	0.248762196328252	0.390136783761248	0.266799490745664	0.0943015291648353
=	0.136991844879943	0.720482695175897	0.132943123996984	0.00958233594717607
=	0.384131224978392	0.0006777235801929	0.614607729350117	0.000583322091298152
=	0.00102898293314316	0.795181881083222	0.186526042978333	0.0172630930053022
=	0.00111886456325489	0.955576083238579	0.000685445963024284	0.042619606235142
=	0.20186456944989	0.00918523243981049	0.711657690524977	0.0772925075853224
=	0.164165981479541	0.679174437410075	0.0791130623517255	0.0775465187586578
=	0.348469556281065	0.351971733544841	0.155019492965966	0.144539217208129
=	0.253096231294722	0.163003191004795	0.425714859034923	0.15818571866556
=	0.184069846927327	0.238725722517531	0.171625587708102	0.40557884284704

> M0079_1.02
=	0.234214139209147	0.234302757206035	0.21999141762388	0.311491643146452
=	0.247213987532389	0.345646769049544	0.136477145885419	0.270662117344992
=	0.381623019805853	0.195242409600356	0.139150561278672	0.283983957337089
=	0.466709386132477	0.130590202359348	0.20047219819506	0.20222839488791
=	0.124822035869245	0.454918487705373	0.122595163252911	0.297664526662452
=	0.297664526662452	0.122595163252911	0.454918487705373	0.124822035869245
=	0.20222839488791	0.20047219819506	0.130590202359348	0.466709386132477
=	0.283983957337089	0.139150561278672	0.195242409600356	0.381623019805853
=	0.270662117344992	0.136477145885419	0.345646769049544	0.247213987532389
=	0.311491643146452	0.21999141762388	0.234302757206035	0.234214139209147

> M0080_1.02
=	0.251585525903604	0.210141895415907	0.39456464593759	0.1437079327429
=	0.205717729874413	0.531926321143461	0.129866238470617	0.13248971051151
=	0.519435539305977	0.19108965595674	0.22649949623616	0.0629753085011231
=	0.647043574566725	0.0977500432369453	0.120592083696966	0.134614298499363
=	0.0402132084980889	0.866269023266301	0.0329237904784342	0.0605939777571762
=	0.812565028439885	0.000594637054035008	0.13840662995054	0.0484337045555407
=	0.1109304472117	0.125073729972949	0.361009185648831	0.40298663716652
=	0.393942980722688	0.173504958804745	0.149337101996328	0.283214958476239

> M0081_1.02
=	0.427556818181818	0.00142045454545455	0.569602272727273	0.00142045454545455
=	0.00110619469026549	0.996681415929204	0.00110619469026549	0.00110619469026549
=	0.996681415929204	0.00110619469026549	0.00110619469026549	0.00110619469026549
=	0.996681415929204	0.00110619469026549	0.00110619469026549	0.00110619469026549
=	0.00110619469026549	0.996681415929204	0.00110619469026549	0.00110619469026549
=	0.996681415929204	0.00110619469026549	0.00110619469026549	0.00110619469026549
=	0.00110619469026549	0.00110619469026549	0.332964601769911	0.664823008849558
=	0.853693181818182	0.00142045454545455	0.00142045454545455	0.143465909090909

> M0077_1.02
=	0.260612574461579	0.233465640294527	0.24790234922483	0.258019436019064
=	0.281636353646997	0.21285617709934	0.237606682653289	0.267900786600374
=	0.259014740795027	0.214194605733293	0.371253446763665	0.155537206708015
=	0.203232188024338	0.525499431574119	0.140379449367727	0.130888931033816
=	0.518812243536154	0.206756557829056	0.215194453021959	0.0592367456128302
=	0.615438780348129	0.11243052526499	0.141505060209397	0.130625634177484
=	0.0301496876323712	0.867985111705369	0.0262108792385231	0.0756543214237364
=	0.826188969809211	0.00125460844195544	0.143570115361436	0.028986306387397
=	0.118495286281476	0.140453037683996	0.366820703141389	0.374230972893138
=	0.394877804147459	0.165434667835389	0.155800502794239	0.283887025222913

> M0078_1.02
=	0.284731837881717	0.169622592411103	0.277066176555146	0.268579389091545
=	0.0893722117631424	0.731883360650085	0.0893722117631424	0.0893722117631424
=	0.913909946778734	0.00015175587772519	0.00015175587772519	0.0857865374053273
=	0.0857865374053273	0.82208060520682	0.0919810974496394	0.00015175587772519
=	0.17152731424664	0.736339828365507	0.00015175587772519	0.0919810974496394
=	0.0919810974496394	0.00015175587772519	0.00015175587772519	0.907715386734422
=	0.17152731424664	0.00015175587772519	0.736339828365507	0.0919810974496394
=	0.913803951465024	0.0858925327190371	0.00015175587772519	0.00015175587772519
=	0.473480292416554	0.175462187741582	0.0805291624514998	0.270528353329875
=	0.340197243541613	0.160779543099461	0.160779543099461	0.338243666198978

> M2375_1.02
=	0.28571428571429	0.3469387755102	0.24489795918367	0.12244897959184
=	0.31372549019608	0.2156862745098	0.19607843137255	0.27450980392157
=	0.12280701754386	0.245614035087719	0.614035087719298	0.0175438596491229
=	0.0	1.0	0.0	0.0
=	0.69117647058824	0.17647058823529	0.13235294117647	0.0
=	0.898550724637681	0.0579710144927541	0.043478260869565	0.0
=	0.0	1.0	0.0	0.0
=	1.0	0.0	0.0	0.0
=	0.130434782608699	0.101449275362319	0.463768115942025	0.304347826086957
=	0.594202898550721	0.0579710144927541	0.0579710144927541	0.289855072463771
=	0.49275362318841	0.08695652173913	0.14492753623188	0.27536231884058
=	0.39130434782609	0.1304347826087	0.2463768115942	0.23188405797101

> M2376_1.02
=	0.35483870967742	0.19354838709677	0.16129032258065	0.29032258064516
=	0.203125	0.234375	0.125	0.4375
=	0.123076923076921	0.753846153846154	0.0153846153846151	0.107692307692311
=	0.615384615384619	0.0923076923076918	0.12307692307692	0.16923076923077
=	0.015384615384615	0.861538461538462	0.0461538461538461	0.0769230769230771
=	0.0	1.0	0.0	0.0
=	0.0	0.0	0.0	1.0
=	0.0	0.0	1.0	0.0
=	0.436363636363635	0.127272727272729	0.345454545454546	0.09090909090909
=	0.22222222222222	0.27777777777778	0.33333333333333	0.16666666666667
=	0.23076923076923	0.26923076923077	0.30769230769231	0.19230769230769
=	0.173913043478262	0.434782608695654	0.108695652173911	0.282608695652173

> M2866_1.02
=	0.285714285714286	0.346938775510204	0.244897959183673	0.122448979591837
=	0.313725490196078	0.215686274509804	0.196078431372549	0.274509803921569
=	0.12280701754386	0.245614035087719	0.614035087719298	0.0175438596491228
=	0.0	1.0	0.0	0.0
=	0.691176470588235	0.176470588235294	0.132352941176471	0.0
=	0.898550724637681	0.0579710144927536	0.0434782608695652	0.0
=	0.0	1.0	0.0	0.0
=	1.0	0.0	0.0	0.0
=	0.130434782608696	0.101449275362319	0.463768115942029	0.304347826086957
=	0.594202898550725	0.0579710144927536	0.0579710144927536	0.289855072463768
=	0.492753623188406	0.0869565217391304	0.144927536231884	0.27536231884058
=	0.391304347826087	0.130434782608696	0.246376811594203	0.231884057971014

> M2867_1.02
=	0.354838709677419	0.193548387096774	0.161290322580645	0.290322580645161
=	0.203125	0.234375	0.125	0.4375
=	0.123076923076923	0.753846153846154	0.0153846153846154	0.107692307692308
=	0.615384615384615	0.0923076923076923	0.123076923076923	0.169230769230769
=	0.0153846153846154	0.861538461538462	0.0461538461538462	0.0769230769230769
=	0.0	1.0	0.0	0.0
=	0.0	0.0	0.0	1.0
=	0.0	0.0	1.0	0.0
=	0.436363636363636	0.127272727272727	0.345454545454545	0.0909090909090909
=	0.222222222222222	0.277777777777778	0.333333333333333	0.166666666666667
=	0.230769230769231	0.269230769230769	0.307692307692308	0.192307692307692
=	0.173913043478261	0.434782608695652	0.108695652173913	0.282608695652174

> M0119_1.02
=	0.248110244218579	0.152843076692065	0.248239831629024	0.350806850220956
=	0.831953714960303	0.0242597067579357	0.0242597067579357	0.119526874284449
=	0.292967739119448	0.000230424526312845	0.000230424526312845	0.70657141458855
=	0.701932974731649	0.000230424526312845	0.000230424526312845	0.29760617897635
=	0.000230424526312845	0.000230424526312845	0.000230424526312845	0.999308729181685
=	0.802505965903813	0.000230424526312845	0.000230424526312845	0.197033187804185
=	0.686995570102413	0.000230424526312845	0.000230424526312845	0.312543583605585
=	0.297561613327091	0.000230424526312845	0.000230424526312845	0.701977540380907
=	0.21312488758629	0.0973873485244037	0.0973873485244037	0.592100418125527
=	0.322087847385025	0.225970718458533	0.225970718458533	0.225970718458533

> M0118_1.02
=	0.241564132965632	0.266969654599267	0.261683301252248	0.229782911182852
=	0.209389878765882	0.306187592883201	0.250685198512864	0.233737329838053
=	0.345180854701421	0.182011249628435	0.303101731361226	0.169706164308918
=	0.329719671608835	0.179153470138074	0.251701236197142	0.239425622055948
=	0.4113085343231	0.0429202449567681	0.202217454290372	0.343553766429759
=	0.710466672070937	0.0477472770028017	0.000514747927116521	0.241271302999144
=	0.886835124565934	0.000920957938025459	0.0450448691703026	0.0671990483257379
=	0.454667158470958	0.00977243465521676	0.0380752944371423	0.497485112436683
=	0.212559009594317	0.177544208886613	0.0974383277679543	0.512458453751116

> M0147_1.02
=	0.27028643006779	0.232637686284693	0.204278089391005	0.292797794256513
=	0.22498406906632	0.258793279801154	0.106274949139964	0.409947701992561
=	0.00401122864168501	3.10192552506281e-08	0.089935935429531	0.906052804909529
=	0.0381802483179918	0.00140820849091817	0.899931205094628	0.0604803380964619
=	9.02189365818299e-05	0.0128646606182173	0.00022866072272566	0.986816459722475
=	0.0535567294287057	0.863282043163867	0.00164994417804961	0.0815112832293778
=	0.061072128143343	0.0274414760787898	0.79795770420886	0.113528691569007
=	0.121391172320779	0.138243712520919	0.651331129302467	0.0890339858558348
=	0.22784235088784	0.336518776272246	0.21673034831376	0.218908524526153

> M0146_1.02
=	0.661184210526316	0.332236842105263	0.00328947368421053	0.00328947368421053
=	0.00247524752475248	0.00247524752475248	0.00247524752475248	0.992574257425743
=	0.00247524752475248	0.00247524752475248	0.992574257425743	0.00247524752475248
=	0.00247524752475248	0.992574257425743	0.00247524752475248	0.00247524752475248
=	0.992574257425743	0.00247524752475248	0.00247524752475248	0.00247524752475248
=	0.00247524752475248	0.00247524752475248	0.00247524752475248	0.992574257425743
=	0.00247524752475248	0.00247524752475248	0.992574257425743	0.00247524752475248
=	0.00328947368421053	0.990131578947368	0.00328947368421053	0.00328947368421053

> M2374_1.02
=	0.51334702258727	0.12731006160164	0.16221765913758	0.19712525667351
=	0.26488706365503	0.0903490759753591	0.17659137577002	0.46817248459959
=	0.193018480492812	0.123203285420941	0.447638603696104	0.236139630390142
=	0.0	0.320328542094459	0.0616016427104719	0.618069815195069
=	0.0	0.0	1.0	0.0
=	0.0	1.0	0.0	0.0
=	1.0	0.0	0.0	0.0
=	0.0	0.0	0.0	1.0
=	0.020533880903491	0.0	0.975359342915811	0.0041067761806982
=	0.12936344969199	0.3388090349076	0.3347022587269	0.19712525667351
=	0.35934291581109	0.24435318275154	0.17659137577002	0.21971252566735

> M0150_1.02
=	0.0559866962305987	0.277716186252772	0.444013303769401	0.222283813747228
=	0.000415973377703827	0.998752079866889	0.000415973377703827	0.000415973377703827
=	0.998752079866889	0.000415973377703827	0.000415973377703827	0.000415973377703827
=	0.000415973377703827	0.998752079866889	0.000415973377703827	0.000415973377703827
=	0.000415973377703827	0.000415973377703827	0.998752079866889	0.000415973377703827
=	0.000415973377703827	0.000415973377703827	0.000415973377703827	0.998752079866889
=	0.000415973377703827	0.000415973377703827	0.998752079866889	0.000415973377703827
=	0.133643617021277	0.0671542553191489	0.266622340425532	0.532579787234043

> M0155_1.02
=	0.22893344349599	0.313199662125569	0.22893344349599	0.22893344349599
=	0.22893344349599	0.22893344349599	0.313199662125569	0.22893344349599
=	0.132320801165181	0.239747422545948	0.315421923807155	0.312509845095257
=	0.0241373942286428	0.10572706049552	0.76227549261707	0.107860045272309
=	0.000156687903518358	0.999529928902986	0.000156687903518358	0.000156687903518358
=	0.999529928902986	0.000156687903518358	0.000156687903518358	0.000156687903518358
=	0.000156687903518358	0.904408354060868	0.000156687903518358	0.0952782627456368
=	0.000156687903518358	0.000156687903518358	0.999529928902986	0.000156687903518358
=	0.0212232425609129	0.0212232425609129	0.0212232425609129	0.936330264930803
=	0.0212232425609129	0.0212232425609129	0.936330264930803	0.0212232425609129
=	0.201558535935388	0.485345350586152	0.195260221200279	0.117835884891722
=	0.22601929182826	0.22601929182826	0.22601929182826	0.321942117128758

> M0166_1.02
=	0.00961538461538462	0.00961538461538462	0.971153846153846	0.00961538461538462
=	0.00961538461538462	0.971153846153846	0.00961538461538462	0.00961538461538462
=	0.971153846153846	0.00961538461538462	0.00961538461538462	0.00961538461538462
=	0.00961538461538462	0.971153846153846	0.00961538461538462	0.00961538461538462
=	0.00961538461538462	0.00961538461538462	0.971153846153846	0.00961538461538462
=	0.00961538461538462	0.00961538461538462	0.00961538461538462	0.971153846153846
=	0.00961538461538462	0.00961538461538462	0.971153846153846	0.00961538461538462
=	0.00961538461538462	0.971153846153846	0.00961538461538462	0.00961538461538462

> M0161_1.02
=	0.256075752834014	0.252535412553091	0.236255660881885	0.255133262464759
=	0.211225731466262	0.228847367352905	0.342028495762096	0.217898549073435
=	0.136198877080923	0.721794438718209	0.037680340788949	0.104326590629307
=	0.892927301430827	1.12728175171213e-11	0.0331737660966904	0.0738987372014928
=	0.02263398180373	0.820225447166408	7.20271830599365e-12	0.157140812351437
=	0.157140812351437	7.20271830599365e-12	0.820225447166408	0.02263398180373
=	0.0738987372014928	0.0331737660966904	1.12728175171213e-11	0.892927301430827
=	0.104326590629307	0.037680340788949	0.721794438718209	0.136198877080923
=	0.217898549073435	0.342028495762096	0.228847367352905	0.211225731466262
=	0.255133262464759	0.236255660881885	0.252535412553091	0.256075752834014

> M0159_1.02
=	0.129704984314769	0.0263047103633541	0.822010143605172	0.0219797507536567
=	0.0152192915434615	0.0742470676585473	0.865981559788666	0.0445521146631161
=	0.00597284233114488	0.994008119058317	4.85495709503396e-11	1.8929568839747e-05
=	0.996107213011551	5.47584967140011e-11	0.00389290019243998	5.60644926008464e-11
=	2.72840387224588e-11	0.99949225793297	2.73518894992503e-11	0.000508197449875546
=	0.000508197449875546	2.73518894992503e-11	0.99949225793297	2.72840387224588e-11
=	5.60644926008464e-11	0.00389290019243998	5.47584967140011e-11	0.996107213011551
=	1.8929568839747e-05	4.85495709503396e-11	0.994008119058317	0.00597284233114488
=	0.0445521146631161	0.865981559788666	0.0742470676585473	0.0152192915434615
=	0.0219797507536567	0.822010143605172	0.0263047103633541	0.129704984314769

> M0157_1.02
=	0.153993855606759	0.0387864823348694	0.653225806451613	0.153993855606759
=	0.000302663438256659	0.99909200968523	0.000302663438256659	0.000302663438256659
=	0.726694915254237	0.000302663438256659	0.242433414043584	0.0305690072639225
=	0.000302663438256659	0.847760290556901	0.000302663438256659	0.151634382566586
=	0.000302663438256659	0.000302663438256659	0.99909200968523	0.000302663438256659
=	0.000302663438256659	0.000302663438256659	0.000302663438256659	0.99909200968523
=	0.000302663438256659	0.000302663438256659	0.99909200968523	0.000302663438256659
=	0.095532319391635	0.143060836501901	0.475760456273764	0.2856463878327

> M0163_1.02
=	0.219217376360779	0.249650970312131	0.281480683014959	0.249650970312131
=	0.125766180821221	0.654861966295081	0.100929724260728	0.11844212862297
=	0.582055778635216	0.101146127991452	0.184300261381256	0.132497831992076
=	0.0586508436110946	0.766321625602682	0.0233734779583226	0.1516540528279
=	0.139605143612165	0.0621044742305787	0.795378446496231	0.00291193566102575
=	0.000837793093131095	0.0231736506385176	0.000424440217115479	0.975564116051236
=	0.00314970656705682	0.00150276883313859	0.989608385048838	0.00573913955096617
=	0.375271283306386	0.301162259200067	0.148064677247701	0.175501780245846
=	0.146832379446655	0.343535914283858	0.242085667200772	0.267546039068715
=	0.256522286206786	0.261704380134007	0.256522286206786	0.225251047452421

> M0154_1.02
=	0.244244837770422	0.260530230733815	0.29007250072083	0.205152397258647
=	0.167293579497687	0.142759263245044	0.37274933948817	0.31719768882956
=	0.0530039526248475	0.897215044501866	0.000762005398940934	0.0490191548967479
=	0.962361095205421	6.98585158848302e-06	0.0236345506753798	0.0139970617880578
=	0.0222026130422786	0.885428241796286	2.04359275112918e-11	0.0923688291480239
=	0.0923688291480239	2.04359275112918e-11	0.885428241796286	0.0222026130422786
=	0.0139970617880578	0.0236345506753798	6.98585158848302e-06	0.962361095205421
=	0.0490191548967479	0.000762005398940934	0.897215044501866	0.0530039526248475
=	0.31719768882956	0.37274933948817	0.142759263245044	0.167293579497687
=	0.205152397258647	0.29007250072083	0.260530230733815	0.244244837770422

> M0164_1.02
=	0.294222875004708	0.202662393388038	0.269976346967647	0.233138447800162
=	0.159354390217195	0.165027977793322	0.43283991026363	0.2427777991125
=	0.0744234895053701	0.821427427297512	0.00784877183207019	0.096300025361669
=	0.942011647032004	5.7350263591226e-12	0.0246210188868095	0.0333669431744935
=	0.0147425531194063	0.918443165359263	4.72122761137821e-12	0.0668141173607029
=	0.0668141173607029	4.72122761137821e-12	0.918443165359263	0.0147425531194063
=	0.0333669431744935	0.0246210188868095	5.7350263591226e-12	0.942011647032004
=	0.096300025361669	0.00784877183207019	0.821427427297512	0.0744234895053701
=	0.2427777991125	0.43283991026363	0.165027977793322	0.159354390217195
=	0.233138447800162	0.269976346967647	0.202662393388038	0.294222875004708

> M0167_1.02
=	0.253826475228385	0.204611156806144	0.300344946170677	0.24121739793105
=	0.269238590819663	0.227841336518208	0.333993728233195	0.168926381079521
=	0.129932045051934	0.79627787868388	0.0187756072328452	0.055014542635424
=	0.681995190569916	0.0849547362857631	0.120073601384855	0.112976443920208
=	0.00224059695168174	0.864955381276657	2.23452134862873e-11	0.132804245496677
